0.117381444138241
0.0073752105241446115
0.0013477663846025029
0.0006214725878845526
0.0009637260460876945
0.0003819175379828772
0.00029132836004945297
0.0002158132064266043
0.00025431421614808506
0.00016596913921702885
0.00018122018471778453
0.00012931017695490987
0.00016875320450062892
0.00030454942349654706
0.00021114475422572817
0.00013673508472615507
0.0010379756725173708
0.0009026400495555574
0.001434898587161246
0.001647161958332228
0.00290784059792663
0.002210423211377808
0.0009141509191076571
0.0008147047975862056
0.0026167753765446045
0.00017969487050826317
0.0003754112246823897
0.0012346515728330965
0.0009830383438388772
0.0003641798137044644
0.0003345703911713073
0.006573469750181845
0.0002233273778864375
0.0003108175313591789
0.0009684711763379651
0.0002364320977424376
0.0001594527220577964
0.005811848279953572
0.009283217067448673
0.00016703339842870187
0.0002587407624810281
0.00023175010135642761
0.001849914634168217
0.00025284537780262466
0.0001366601495446345
0.0028896587998841214
0.0005798813066729857
0.0003554102113247315
0.00021520364523924001
0.00012550668739740142
0.0009426207171014251
0.00045139933136252765
0.0015798659129800088
0.005363973954332797
0.0018676397253851158
0.0007942464889662529
0.0013162534632408039
0.00074532439361437
0.0010727160848151146
0.0025364117332323756
0.000343521165595003
0.0005037517694460456
0.0011554778436172137
0.0029616867861571227
0.002647163201500477
0.002858194662482522
0.0011032043460903528
0.0007512812136383761
0.0011295525214935133
0.004270181902070767
0.002267056151596574
0.0018103900107135813
0.00043010121179350017
0.0014646455362885
0.0029913652692306492
0.00027992668267867477
0.00029681060432879247
0.0037921661956655476
0.0007892676316709133
0.00031560261285055297
0.0006022828617696606
0.000387614106093745
0.00024202302862910043
0.00019239929166693466
0.0021058682030823134
0.5561874773357366
0.0007919467167889132
0.00118506974476752
0.0017513029425933343
0.0001272328072414124
0.0021558381677436495
0.00017036084545558948
0.00010981648536960717
0.00022470032720424911
0.00012116621153695004
0.00017943463439414116
0.003790326070481883
0.001124781566764039
0.0010268790071494911
0.0028306536655308147
0.00017741762106754112
0.00018080624578379836
0.000509244462747056
0.0011196955347204315
0.0010043556351924984
0.0008489616497240953
0.0031636016028627587
0.001106490034740396
0.0012039828651162876
0.003099157835526587
0.0013111126873321633
0.000958452675935256
0.002315419387767911
9.882990437343145e-05
0.00026075259506281364
0.0018633168900720036
0.00018909418581590216
0.00023474609645105968
0.0002209801764273566
0.010847478979929256
0.00010707314991752232
7.333836424937035e-05
0.0006795390134396754
0.0012453291728642558
0.00013035367046702935
0.0001829623397112613
0.00041474066382539616
0.001389076732789571
0.0016474159215312597
0.0004596161032844418
0.00024061144791236074
0.00018954805346673185
0.00902807128399727
0.00032894453812625033
0.0001360831650875437
0.003334199192431045
0.0010851195168230163
0.00013097253736591872
0.000116169046773902
0.0002978727948997129
0.0006552445028327414
0.00014543262321663398
0.00012485358363893833
0.005055319802825472
0.0009319419587195564
0.0027287864411340602
0.0024810833503157333
0.0008581299817810699
0.001799435615828689
0.003295250020144861
0.00026013569117897385
0.00032586943752373356
0.0012378590292615528
0.00043132626377500254
0.0001765401005265217
0.00011427122296068406
0.0016914928621271034
0.000911820217730849
0.0016019192012161952
0.004557594328514534
0.0003513707867593989
0.00012665745072208147
0.000216314771762362
7.440809061314379e-05
0.00026768394894526975
0.0002720394249100211
0.0002222434326192598
0.00014672091628518128
0.0015350820110137842
0.007907591347782827
0.0009976947749995653
0.0006694291864222806
0.0003622670037718597
0.00017235895015647355
0.00021489145632812634
0.00015495553947135566
0.0006314043843427691
0.0013840847401209917
0.0015352027585017732
0.0002106684974222589
0.0005320297263533783
0.006490853022428592
0.0009328119345246863
0.0002938584670410673
0.0013159458618953704
0.0013408795894924465
0.0006126171303746081
0.0006632487277871373
0.00055243395063514
0.004528813812630043
0.0036059657671202905
0.0013139043910489253
0.0028115417787010553
0.0017555985298959367
0.000572395487418453
0.00034236998915582564
0.0016661301810656445
0.0010509005681964597
0.0012675137457192533
0.004147495480941469
0.0008469298642043152
0.0027188598058780914
0.0020722964478828427
0.0009856139133695258
0.0008187784039495289
0.0010978923204548292
9.702936673917791e-05
9.629144781499515e-05
0.0007881531521651826
0.0020082325766099182
0.001770312049460681
9.822923442534381e-05
0.000517675307550807
0.014764762376292545
0.00035004723223490343
0.00018292167852916602
0.00020884669242894936
0.001210413834572674
7.662996141031723e-05
5.373890275845714e-05
0.00013544685226924894
0.004697887344843403
0.0007515033503918644
8.949011696864767e-05
0.0016275192941178807
0.00033223531062310396
0.0008643489534038381
0.0014552904803356225
0.0008610018648316324
0.00040929045178265765
0.0005911912743183682
0.0032621496382100193
0.0011237863814933587
0.0009100253102699551
0.0016099628992813334
0.0021107458372320365
0.002098044487485087
0.001328798031490836
0.0005683166124885815
0.00039075884038297957
0.00025312865881866415
0.00016591995554181513
0.00011738940248286722
0.0001251035655746393
0.00013733323818723438
0.0002998938316166733
9.23486009818355e-05
0.00016617220097921035
0.00025447663302586817
0.0003113035265415241
0.0003767038263476076
0.0002843050486571198
0.0016641011079314549
0.0010417162616034655
0.0013056320370534948
