0.1971022209034084
0.01238776792183269
0.0009833467398591208
0.0006937332844684478
0.0013086120185335237
0.0005802406651083821
0.0003607499167834281
0.00043326135008489537
0.00023655175576748808
0.00030364280900240333
0.00022285736437121216
0.0002419003399196156
0.0002494234225736871
0.00033696675957666433
0.0003130188937755365
0.00019484229843339044
0.0008852561386962249
0.0008110713467086699
0.001105373025715
0.0014025253228329786
0.0021076655850353777
0.002060221730126615
0.000849068386324427
0.0009338740845392838
0.0032179541237039623
0.0003379113085266349
0.00046627841022424366
0.000997335154368842
0.0015287604997247747
0.0007158126220173893
0.0004429254040445683
0.004286875949993221
0.00022507475928108754
0.0004926817762093728
0.0006442167702862755
0.0002573221373823982
0.0001929911290788191
0.0036689014479608082
0.011797925147206309
0.0002834953486554084
0.0003079619278774081
0.0004215432472965214
0.0011874198139952025
0.0006125704093092997
0.00021466020077566032
0.0017396017945670798
0.000837703431415598
0.0008675034844695841
0.00032581969718038485
0.00024033810125999
0.0007199456641908663
0.0004635518438382097
0.0013506143715876467
0.003635452552602337
0.0020177557557885958
0.0008544907221272802
0.0014407578536163158
0.0010408288621894274
0.0008973513459753648
0.0015769733261071929
0.000900173616997336
0.001313352268643386
0.0009526577956497219
0.0025168590621409536
0.0018887620713729236
0.00269539076036603
0.0009409542501175183
0.000751557598191449
0.0010591405970877964
0.006432543272427013
0.00145030382206373
0.0018668030110345567
0.00045292155579628623
0.0011529372006975004
0.003324963623608888
0.0004899338807783626
0.0003532337901541596
0.0021966679396315646
0.0011960196677433272
0.000757996515310299
0.0004791872291757506
0.0004042651841215985
0.0003422020660698665
0.00028590935234103134
0.0018243855668360997
0.26195261548791504
0.0008552348429409183
0.0009765274354280988
0.0024456925759050946
0.0001763001000932146
0.003239404588310621
0.00030362886051579324
0.0001523420003133321
0.00024539878902803315
0.0001987515502279736
0.00036151388189825954
0.00482867034124483
0.0014861883208175204
0.0007535906413791445
0.0017967754781029216
0.0002319138428523363
0.0003792481634150663
0.00036342301391321507
0.001190074447702934
0.0012445454727228384
0.0016366537476860319
0.0021444189703532187
0.0010848353776897121
0.0009053477847635504
0.0018083548133652856
0.0015008853084232734
0.001250362477198266
0.003328628840444309
0.00020556158835675884
0.00029311467246256694
0.001519000207888403
0.00041568026807247175
0.000364298096738812
0.00023108733504892162
0.011250435730664657
0.000172898896422565
0.00017070074636341275
0.0007995512538249112
0.0009628679349183808
0.0002693140806840909
0.00034045736453617366
0.0006749925612624207
0.0011016274914766924
0.0012785826162454187
0.0006986175988695983
0.00024562595897809173
0.0003076118520069416
0.011663793263902333
0.0007259412097156487
0.00023343626193614157
0.002039986073718151
0.0006951102331862162
0.00021026282262154596
0.00016963597083273794
0.00043726474115173306
0.0009070151803014457
0.0002654032976743685
0.00016405502613539764
0.0035304263429892565
0.0009025817635584427
0.0016766015069346796
0.002831126734381037
0.0010487650691165895
0.0015972961251154616
0.0030560672091471323
0.0005854214381631954
0.0006467927243393226
0.0009504870455156453
0.0005147494519687344
0.0002914494058913682
0.00020535384876484494
0.0020071347765080396
0.0011623006438276691
0.0013309976740518083
0.0035047805906872113
0.0003387557384398395
0.0002506931744039177
0.00023473366221345328
0.00012736192920767434
0.00035240938887454415
0.0003265727930698971
0.0002701823506758273
0.00018515034043802123
0.0009685452922055463
0.011871687981816976
0.000624855398476987
0.0010186900200660795
0.00036223100523419694
0.0003705498690434703
0.0002573407711188942
0.00032010311149252465
0.0007262302837038586
0.001084090952543042
0.0017397263467390535
0.00033878259864106883
0.0006605421348335083
0.003910407666328056
0.0013020328177462369
0.0005239643655713455
0.0010258255980767983
0.0014325662979194288
0.000600247479631505
0.0005079439789196528
0.000599229111337054
0.005992370235474444
0.002582255217648958
0.0012818219066001548
0.0021255841056360305
0.0019194905333891558
0.0007133117835569279
0.0006596746081267252
0.0014945831216179042
0.0010469409772823313
0.0009784189899791778
0.0023916015826391706
0.0007280432354727468
0.001658673692847316
0.002978493610454161
0.001420462044668798
0.0005283065920421293
0.0012225361496599058
0.00013853324265043768
0.00022740221229940928
0.0008410475837158548
0.0017335164245770784
0.0023388413168193125
0.0002021298272552647
0.0007309602323577099
0.01687279646368835
0.00036432592652334864
0.00026090265627001
0.00029317840950982205
0.0009311713386613894
0.00012486249884850368
0.0001219698319749365
0.00018895240205533476
0.0059692488645997225
0.0006777458497097176
0.0001729132446348907
0.0016273084729339729
0.0005611948974329473
0.0008754486157714295
0.0010622470077209288
0.0011114146693112722
0.0009015499268370452
0.0007351771448232529
0.002051044789116569
0.000861889803778764
0.0010059502063081787
0.0012088158499476568
0.002338852567535446
0.001326525365321804
0.0013605764692481818
0.000467591261940816
0.0005723912391391425
0.00030385347314909025
0.0002721201620104019
0.00017845343502725228
0.00016689397670192703
0.00021459348710987718
0.00043233005730820704
0.00014127494219225457
0.0002144379516174492
0.00033516326953056614
0.00034198674945612955
0.0004303916569474041
0.00033820963592307533
0.0014857857784012975
0.0011080513625116141
0.0008673263828768989
